79498,-35.1,-50.4,-4.84
79518,-34.8,-51,-9.438
79538,-34.5,-49.5,-7.018
79558,-36,-49.5,-5.566
79578,-34.5,-51,-7.018
79598,-35.1,-49.8,-8.47
79618,-37.5,-51,-10.164
79638,-34.2,-50.4,-8.228
79658,-34.8,-50.1,-7.26
79678,-35.7,-50.4,-9.68
79698,-33.9,-52.8,-5.808
79718,-35.1,-49.8,-7.744
79738,-34.8,-50.1,-7.986
79758,-33,-50.4,-9.196
79778,-34.2,-51,-6.292
79798,-35.4,-51.3,-5.808
79818,-34.5,-51,-4.84
79838,-35.4,-47.7,-3.388
79858,-34.5,-48,-6.776
79878,-34.2,-49.2,-7.018
79898,-35.7,-51.6,-6.292
79918,-33.3,-49.2,-13.31
79938,-35.1,-48,-6.292
79958,-33.9,-51.3,-6.05
79978,-35.7,-50.1,-7.986
79998,-36.3,-50.1,-7.986
80018,-36,-49.5,-8.712
80038,-33.9,-51.6,-6.776
80058,-34.5,-49.2,-6.534
80078,-35.7,-50.7,-5.808
80098,-36.3,-48.9,-6.534
80118,-33.9,-50.7,-7.744
80138,-34.8,-50.4,-7.018
80158,-35.7,-52.2,-7.986
80178,-35.1,-49.8,-5.566
80198,-34.8,-50.7,-7.986
80218,-35.1,-49.2,-8.228
80238,-36,-49.8,-6.776
80258,-35.4,-50.4,-7.26
80278,-36,-51.6,-8.954
80298,-34.8,-51.3,-5.566
80318,-34.2,-50.7,-7.26
80338,-34.5,-48.3,-5.808
80358,-35.7,-49.8,-6.534
80378,-37.5,-51.6,-6.776
80398,-33.3,-50.4,-7.744
80418,-36,-49.5,-8.954
80438,-33.6,-50.1,-7.502
80458,-35.7,-49.8,-5.082
80480,-33.3,-50.1,-6.292
80500,-33.9,-49.8,-7.502
80520,-34.2,-50.1,-8.954
80540,-33.9,-50.4,-8.228
80560,-35.1,-50.4,-9.68
80580,-36,-51.9,-7.26
80600,-35.1,-49.8,-8.228
80620,-34.5,-50.7,-5.082
80640,-35.4,-51,-8.712
80660,-35.1,-51,-8.47
80680,-36.3,-50.4,-5.324
80700,-35.1,-50.1,-9.922
80720,-35.4,-50.7,-10.406
80740,-36.9,-51,-2.904
80760,-34.8,-49.5,-5.808
80780,-34.2,-51,-7.744
80800,-36,-50.7,-7.986
80820,-34.2,-49.5,-7.502
80840,-35.1,-49.5,-6.776
80860,-34.5,-51,-6.05
80880,-36.6,-48.6,-7.26
80900,-33.6,-50.1,-6.776
80920,-33.9,-49.2,-7.502
80940,-35.1,-49.5,-5.808
80960,-36,-49.5,-7.986
80980,-34.5,-50.4,-7.502
81000,-35.4,-49.8,-8.712
81020,-36.9,-49.8,-6.776
81040,-36,-51.9,-7.26
81060,-36,-51.3,-7.986
81080,-34.5,-49.2,-10.406
81100,-36.9,-49.2,-9.68
81120,-33.9,-49.8,-6.534
81140,-33.9,-48.6,-6.292
81160,-35.1,-49.5,-5.566
81180,-34.5,-50.7,-7.986
81200,-36.6,-51.3,-8.228
81220,-35.7,-50.7,-7.986
81240,-34.5,-51.6,-7.26
81260,-35.7,-49.5,-7.018
81280,-33.3,-50.7,-4.356
81300,-35.1,-50.7,-8.712
81320,-34.8,-47.1,-6.292
81340,-36.9,-51.9,-9.438
81360,-35.4,-51.3,-6.534
81380,-34.2,-49.2,-9.196
81400,-34.8,-49.5,-7.26
81420,-32.7,-50.4,-5.566
81440,-35.1,-51.3,-5.324
81460,-35.7,-49.2,-7.502
81481,-36.3,-48.6,-8.47
81502,-36.3,-50.4,-9.196
81522,-34.8,-50.7,-9.68
81542,-36.3,-51,-8.712
81562,-37.2,-51,-5.566
81582,-35.7,-49.2,-7.018
81602,-33.6,-51.6,-4.84
81622,-36.3,-51.3,-5.324
81642,-33.6,-51.3,-8.47
81662,-33.6,-51.9,-7.26
81682,-34.2,-49.2,-4.84
81702,-34.2,-50.1,-5.808
81722,-36.3,-51.6,-9.68
81742,-36,-49.5,-8.228
81762,-34.2,-50.7,-6.534
81782,-35.1,-50.1,-5.808
81802,-33.9,-50.4,-8.47
81822,-34.2,-51.6,-8.228
81842,-37.2,-49.8,-6.292
81862,-34.2,-50.7,-7.26
81882,-34.2,-51.3,-4.84
81902,-37.5,-49.8,-5.324
81922,-34.2,-52.2,-9.68
81942,-36.3,-49.5,-7.018
81962,-34.8,-50.4,-7.986
81982,-33.6,-49.2,-5.566
82002,-34.2,-49.2,-7.26
82022,-35.4,-52.8,-8.954
82042,-36.9,-51,-7.744
82062,-33.9,-48.9,-5.324
82082,-36,-51,-9.196
82102,-35.1,-51.9,-8.228
82122,-36,-50.4,-8.228
82142,-36,-48.6,-7.502
82162,-36.3,-50.7,-9.922
82182,-35.1,-49.5,-5.808
82202,-32.4,-50.4,-6.776
82222,-34.8,-50.4,-4.84
82242,-37.8,-51,-4.598
82262,-34.8,-50.7,-7.26
82282,-33.9,-50.7,-7.744
82302,-35.1,-51.6,-6.776
82322,-34.5,-50.7,-7.26
82342,-35.4,-50.7,-9.438
82362,-33.9,-51,-4.598
82382,-33.9,-49.8,-7.502
82402,-36.9,-50.1,-5.324
82422,-34.2,-50.7,-2.42
82442,-37.2,-48,-5.566
82462,-33,-51.3,-7.986
82485,-34.5,-48.9,-6.534
82505,-32.7,-50.1,-9.68
82525,-35.4,-51,-5.082
82545,-33.6,-48.6,-9.438
82565,-36.6,-50.7,-7.744
82585,-35.1,-51,-9.196
82605,-34.8,-49.5,-7.502
82625,-34.5,-49.2,-2.904
82645,-38.1,-50.1,-7.26
82665,-33.6,-50.7,-6.292
82685,-36,-49.8,-9.922
82705,-35.7,-51.6,-7.018
82725,-35.1,-49.2,-5.566
82745,-34.5,-50.1,-8.47
82765,-36,-51,-6.05
82785,-33.9,-50.1,-8.954
82805,-33,-52.2,-7.986
82825,-35.4,-48.3,-8.712
82845,-34.2,-51,-7.986
82865,-34.2,-51.6,-7.502
82885,-34.8,-49.2,-7.26
82905,-35.1,-48.3,-9.922
82925,-35.4,-49.8,-5.566
82945,-35.4,-51,-5.566
82965,-36,-50.4,-6.05
82985,-35.1,-51.3,-3.872
83005,-34.2,-49.8,-7.502
83025,-34.8,-49.2,-7.018
83045,-35.7,-50.4,-9.68
83065,-35.4,-51,-6.05
83085,-35.1,-50.7,-6.05
83105,-34.8,-49.5,-8.228
83125,-36.9,-50.7,-4.114
83145,-36.3,-50.4,-7.26
83165,-35.1,-51.6,-9.922
83185,-34.5,-48.3,-7.26
83205,-36.9,-49.2,-6.05
83225,-33,-50.7,-9.196
83245,-35.4,-49.5,-7.502
83265,-36,-49.8,-3.388
83285,-33.9,-46.8,-5.808
83305,-36.3,-48.6,-6.776
83325,-34.8,-48.3,-3.872
83345,-36.6,-49.5,-7.018
83365,-34.8,-49.8,-8.228
83385,-36.3,-51.3,-6.292
83405,-35.7,-47.7,-7.502
83425,-34.8,-52.5,-6.292
83445,-35.1,-48.9,-6.292
83465,-38.1,-51,-8.228
83488,-34.8,-50.1,-8.954
83508,-35.1,-51.9,-4.84
83528,-33.9,-50.1,-4.114
83548,-35.4,-50.4,-6.534
83568,-36.3,-50.7,-5.808
83588,-33.9,-50.7,-6.776
83608,-36,-48.3,-7.744
83628,-36,-49.8,-8.228
83648,-33.3,-48.6,-10.164
83668,-35.1,-51.6,-6.534
83688,-35.4,-50.4,-7.26
83708,-35.7,-49.5,-7.26
