299081,36.0713,0.24847,-40.5291
299086,36.4221,0.40924,-40.6314
299092,36.4221,0.40924,-40.6314
299096,36.4806,0.32154,-40.5876
299102,36.2613,-0.02923,-40.266
299107,36.3783,-0.02923,-39.4475
299113,36.2321,0.38001,-39.8568
299119,36.4513,0.33616,-39.9299
299120,36.4513,0.33616,-39.9299
299126,36.3052,0.54078,-39.9883
299131,36.5975,0.36539,-40.3098
299137,36.6121,0.35077,-40.0906
299141,36.6121,0.35077,-40.0906
299147,36.3636,0.54078,-40.3829
299151,36.3198,0.67232,-40.3683
299157,36.2175,0.71616,-40.2952
299163,36.0713,0.68693,-40.3098
299165,36.2759,0.14616,-40.0906
299170,36.2759,0.14616,-40.0906
299176,36.2613,0.52616,-40.0029
299181,36.2613,0.14616,-40.1345
299186,36.2613,0.14616,-40.1345
299191,36.3198,0.29231,-40.0468
299197,36.0421,0.43847,-39.9006
299201,35.9252,0.43847,-39.9591
299207,36.0713,0.42385,-39.6521
299213,36.2321,0.81847,-39.9737
299215,36.0129,0.42385,-40.3245
299220,36.0129,0.42385,-40.3245
299226,36.3052,-0.07308,-40.5145
299231,36.349,0.14616,-39.9152
299236,36.349,0.14616,-39.9152
299242,36.0713,0.16077,-39.9737
299247,36.6559,0.36539,-39.8422
299253,36.3344,0.13154,-40.0029
299256,36.3344,0.19,-40.4852
299260,36.2029,0.19,-40.4852
299265,35.9982,-0.21923,-39.8129
299271,35.7206,-0.11692,-39.9006
299276,36.3783,0.2777,-39.9737
299281,35.8959,0.35077,-39.9006
299287,35.8959,-3.39082,-40.456
299291,36.4806,-0.01462,-40.456
299297,36.2613,0.16077,-40.0322
299302,36.2906,0.26308,-39.7252
299309,35.8667,-0.29231,-39.7691
299310,35.969,0.4677,-40.0614
299315,35.969,0.4677,-40.0614
299321,36.0713,0.08769,-40.1199
299326,36.0129,0.23385,-39.8275
299331,36.0129,0.43847,-40.4268
299337,35.9982,0.43847,-40.4268
299342,36.2321,0.07308,-40.3245
299348,36.1152,0.58462,-40.3245
299351,36.2759,0.67232,-39.886
299355,36.1152,0.29231,-39.8275
299360,36.1152,0.29231,-39.8275
299366,35.5452,0.36539,-40.2514
299371,35.6913,0.70155,-40.1929
299376,35.7352,0.32154,-40.0906
299382,35.4721,0.48232,-39.7983
299386,35.4721,0.48232,-39.7983
299392,36.159,0.49693,-39.8129
299398,36.0567,0.2777,-39.4914
299400,36.4221,0.45308,-39.5644
299405,36.4221,0.45308,-39.5644
299411,36.3052,0.61386,-39.2721
299416,36.0421,0.38001,-39.8714
299421,36.1736,0.89155,-39.7106
299426,36.0713,0.38001,-39.2868
299431,36.0713,0.38001,-39.2868
299437,36.0129,0.35077,-39.1406
299443,36.0567,0.16077,-40.0175
299444,36.1444,0.26308,-39.7691
299450,36.1444,0.26308,-39.7691
299456,35.6036,0.58462,-40.5437
299461,36.1444,0.67232,-39.7691
299466,36.1444,0.84771,-40.4852
299470,35.9252,0.57001,-40.1199
299476,35.8375,0.84771,-40.2075
299482,35.6182,0.17539,-40.3245
299487,35.6182,0.17539,-40.3245
299489,35.9252,-0.17539,-40.3683
299494,36.1152,0.49693,-40.3975
299500,36.1152,0.48232,-39.9737
299505,35.9836,0.48232,-39.9737
299510,35.6767,0.32154,-40.1345
299516,36.2029,0.39462,-40.6168
299522,36.4075,0.62847,-40.3975
299525,36.4075,0.62847,-40.3975
299531,36.3344,0.54078,-39.7691
299537,36.1152,0.87694,-39.5791
299539,36.0859,0.59924,-39.696
299545,36.3198,0.59924,-39.5791
299550,36.3198,0.59924,-39.5791
299555,36.2467,0.77463,-39.9152
299560,35.8229,0.40924,-40.2075
299566,36.2175,0.43847,-39.4768
299572,36.4367,0.73078,-40.2368
299575,36.4367,0.73078,-40.2368
299581,36.0713,0.57001,-39.6083
299584,36.0713,0.55539,-39.7252
299589,36.0859,0.49693,-39.7252
299595,36.3783,0.92078,-39.7691
299600,36.3783,0.92078,-39.7691
299605,36.3052,0.76001,-39.7398
299611,36.0567,0.73078,-39.7398
299616,36.2175,0.36539,-39.9591
299622,36.5098,0.59924,-40.2514
299624,36.5098,0.59924,-40.2514
299629,36.4075,0.87694,-40.0175
299634,36.6852,0.71616,-39.0821
299640,36.0421,1.11079,-40.0468
299645,36.5244,0.55539,-39.6814
299650,36.5244,0.55539,-39.6814
299656,36.1883,0.70155,-39.7106
299660,36.1444,0.97925,-39.7398
299666,35.969,0.78924,-39.6375
299672,36.5682,0.9354,-40.0614
299674,36.5682,0.9354,-40.0614
299679,36.5244,0.52616,-40.1491
299684,36.5244,0.90617,-39.6375
299690,36.3636,0.6577,-39.7545
299694,36.3636,0.6577,-39.7545
299700,36.4221,0.96463,-39.8714
299705,36.1736,1.02309,-39.7837
299711,36.2906,0.89155,-39.8129
299717,36.0129,0.73078,-40.2952
299718,36.159,0.51155,-39.8714
299724,36.159,0.51155,-39.8714
299729,36.4806,0.59924,-39.7252
299735,36.4806,0.76001,-40.456
299740,36.2175,0.62847,-39.9299
299744,36.2175,0.62847,-39.9299
299750,36.2613,0.57001,-39.9006
299756,36.0129,0.81847,-39.7837
299761,36.4221,0.73078,-40.0029
299763,36.4075,0.68693,-39.7983
299768,36.4075,0.68693,-39.7983
299774,35.9252,0.40924,-40.1491
299780,36.4806,0.38001,-40.076
299785,35.9982,0.38001,-39.4037
299789,35.9982,0.38001,-39.4037
299795,36.2175,0.48232,-39.5352
299801,36.1883,1.06694,-39.6814
299805,36.0859,0.52616,-40.0614
299808,35.9105,0.78924,-39.696
299813,35.9105,0.78924,-39.696
299819,36.1298,0.42385,-39.6229
299824,36.2175,0.54078,-39.5206
299829,35.9398,0.45308,-39.7398
299834,36.0421,0.01462,-40.5145
299840,36.2467,0.23385,-40.0614
299844,36.2467,0.23385,-40.0614
299850,36.3636,0.43847,-40.1052
299856,36.2906,0.48232,-39.9152
299858,35.9398,-0.04385,-39.7691
299863,35.9398,-0.04385,-39.7691
299869,35.8813,0.32154,-39.9591
299874,36.1298,0.29231,-39.6375
299879,35.9105,-0.10231,-40.0614
299885,35.9252,-0.04385,-39.5498
299889,35.9252,-0.04385,-39.5498
299895,35.7936,-0.01462,-39.7252
299902,36.1444,0.39462,-39.8275
299904,36.2906,0.11692,-39.7837
299908,36.3052,0.32154,-39.3452
299914,36.3052,0.32154,-39.3452
299919,36.2321,0.71616,-39.9006
299925,36.0713,0.26308,-39.9445
299929,35.9252,-0.10231,-39.7691
299935,36.2467,0.04385,-40.4706
299941,36.0275,0.14616,-39.7691
299944,36.0275,0.14616,-39.7691
299950,36.2467,0.35077,-40.0468
299953,36.2467,0.13154,-39.6521
299958,36.2467,0.13154,-39.6521
299964,36.4806,0.38001,-39.886
299970,36.2175,0.52616,-39.886
299974,36.2759,0.59924,-39.3014
299980,36.0567,0.38001,-39.5352
299984,36.2029,0.07308,-40.5583
299990,36.2029,0.29231,-39.4475
299996,36.6267,0.29231,-39.9299
299998,36.4367,0.36539,-39.9299
300003,36.1152,0.07308,-40.1783
300009,36.1152,0.07308,-40.1783
300014,35.7352,0.71616,-39.5352
300019,36.1883,0.49693,-40.3975
300025,36.2175,0.35077,-39.9737
300029,36.2906,0.48232,-39.9299
300035,36.2029,0.49693,-39.5791
300041,36.3783,0.57001,-39.7983
300042,36.3783,0.57001,-39.7983
300048,36.5098,0.39462,-39.7398
300054,36.4513,0.49693,-39.5791
300059,36.4513,0.49693,-39.5791
300065,36.3344,0.07308,-39.6083
300068,36.5098,0.6577,-40.3098
300074,36.2759,0.32154,-39.6375
300080,36.5829,0.64309,-39.7545
300086,36.5829,0.9354,-39.9883
300090,36.5829,0.9354,-39.9883
300096,36.6559,0.86232,-40.4999
300102,36.5682,0.95001,-40.4706
300104,36.0713,0.7454,-40.2368
300109,36.0713,0.7454,-40.2368
300115,36.2467,0.90617,-40.3975
300120,36.2759,0.16077,-40.1345
300125,36.3929,0.08769,-39.696
300130,36.349,0.14616,-40.2806
300137,36.3344,0.19,-39.5791
300140,36.3344,0.19,-39.5791
300146,36.1883,0.64309,-39.4768
300152,36.2906,0.68693,-39.126
300154,36.349,0.40924,-39.0383
300160,36.349,0.40924,-39.0383
300165,36.1444,0.51155,-39.1406
300170,36.2029,0.32154,-39.506
300175,36.4513,0.84771,-39.4768
300181,36.1883,0.45308,-38.9067
300187,35.9398,1.05232,-39.3891
300190,35.9398,1.05232,-39.3891
300196,36.2175,0.71616,-39.6229
300199,35.9544,0.39462,-39.0383
300204,35.8813,0.57001,-39.8129
300210,35.8813,0.57001,-39.8129
300215,35.969,0.24847,-39.506
300220,36.2175,0.80386,-40.1345
300226,36.7144,0.59924,-40.2952
300231,35.969,0.76001,-39.9006
300237,35.7059,0.90617,-39.6375
300239,35.7059,0.90617,-39.6375
300244,36.1444,0.64309,-39.886
300249,36.0567,0.16077,-39.9591
300255,35.9836,0.26308,-39.8129
300260,35.9836,0.26308,-39.8129
300264,36.1298,0.39462,-40.2514
300270,36.3052,0.45308,-39.9883
300275,35.8959,0.55539,-39.6083
300281,36.3344,0.64309,-39.6668
300287,36.2175,0.73078,-39.4475
300289,36.2175,0.73078,-39.4475
300294,35.9252,0.6577,-39.2868
300299,36.3198,0.80386,-40.1052
300304,36.3198,0.80386,-40.1052
300309,36.8167,0.57001,-39.8129
300315,36.2467,0.61386,-40.1345
300320,36.2321,0.30693,-40.266
300326,35.9105,0.90617,-40.456
300332,35.8082,0.87694,-40.4414
300333,35.8959,0.71616,-40.3537
300338,35.8959,0.71616,-40.3537
300344,35.9982,1.34464,-40.0468
300350,36.2175,0.84771,-39.7691
300355,36.3929,1.11079,-39.6668
300359,36.3929,1.11079,-39.6668
300365,35.969,0.77463,-39.9445
300371,35.6913,0.9354,-40.0468
300376,36.0129,0.89155,-39.8568
300378,36.2029,0.70155,-39.7398
300383,36.2029,0.70155,-39.7398
300389,35.8959,1.16925,-40.1637
300395,35.7352,0.90617,-40.1491
300400,36.3783,0.97925,-40.5583
300404,36.3783,0.97925,-40.5583
300410,36.349,1.06694,-40.1052
300416,36.1444,0.84771,-40.1929
300420,36.349,0.43847,-39.8129
300423,36.159,0.76001,-40.2075
300428,36.159,0.76001,-40.2075
300433,36.4367,0.62847,-39.886
300439,36.7436,0.68693,-40.0322
300444,36.5244,0.68693,-39.7545
300449,36.5244,0.68693,-39.7252
300455,36.4075,0.83309,-39.7252
300458,36.9044,0.95001,-39.9883
300464,36.4367,1.05232,-40.5876
300470,36.5975,0.58462,-40.3245
300473,36.8313,0.52616,-40.3245
300478,36.8313,0.52616,-40.3245
300484,36.4806,0.30693,-40.1345
300489,36.5682,0.67232,-40.8945
300493,36.1736,0.77463,-39.9299
300499,36.1736,0.77463,-40.266
300505,36.5829,0.84771,-40.266
300509,36.9337,1.41771,-40.456
300515,36.4952,1.18386,-39.7252
300518,36.3636,1.03771,-39.8275
300523,36.3636,1.03771,-39.8275
300528,36.4952,0.87694,-40.1783
300533,36.539,0.9354,-39.9737
300538,36.539,0.7454,-40.646
300544,36.6121,0.87694,-40.1783
300550,36.6121,0.87694,-40.0175
300556,36.2759,0.68693,-40.0175
300558,36.3929,1.14002,-40.266
300562,36.349,0.84771,-39.9445
300568,36.349,0.84771,-39.9445
300573,36.5244,1.1254,-39.5791
300579,36.466,1.28617,-40.1929
300583,36.6706,0.73078,-40.4122
300589,36.5244,0.59924,-40.2514
300594,36.5244,0.7454,-40.3975
300600,36.7144,0.7454,-40.3975
300606,36.466,0.81847,-39.7983
300607,36.2175,0.96463,-40.0468
300613,36.2175,1.03771,-39.9152
300618,36.6413,1.03771,-39.9152
300623,36.5975,1.41771,-39.9299
300628,36.6267,0.96463,-39.8568
300634,36.6706,0.83309,-39.1698
300638,36.7583,0.32154,-39.8714
300644,36.9483,0.57001,-39.4914
300650,36.9483,0.49693,-39.6375
300652,36.3636,0.49693,-39.6375
300657,36.3052,0.29231,-39.696
300663,36.2321,0.81847,-39.5206
300668,36.2321,0.81847,-39.5206
300674,36.3636,0.67232,-40.1199
300678,36.2906,0.59924,-39.9152
300684,36.349,0.96463,-39.6375
300689,36.5975,1.09617,-39.1991
300694,36.5975,0.51155,-39.5644
300696,36.3198,0.51155,-39.4914
300702,36.1444,0.58462,-39.4914
300708,36.6413,0.55539,-39.1844
300713,36.3929,0.29231,-39.6083
300719,36.3929,0.29231,-39.6083
300722,36.2029,0.29231,-39.6083
300728,36.4221,0.6577,-39.7252
300734,36.4952,0.16077,-39.316
300738,36.2467,0.7454,-40.0029
300741,36.2467,0.7454,-39.5937
300747,36.2906,0.49693,-39.5937
300752,36.2613,0.64309,-39.6668
300757,36.6413,0.54078,-39.3598
300762,36.6413,0.54078,-39.3598
300768,36.5536,0.39462,-39.1844
300774,36.4806,0.13154,-39.3891
300777,36.6559,0.7454,-39.9445
300783,36.5536,0.55539,-40.0322
300789,36.4806,0.80386,-40.4999
300791,37.0652,0.57001,-40.6606
300797,37.0652,0.57001,-40.6606
300802,36.8021,0.62847,-40.3245
300807,36.8021,0.73078,-39.8422
300812,36.349,0.73078,-39.8422
300818,36.6121,1.05232,-39.9883
300824,36.6559,0.30693,-39.7545
300827,36.5975,0.9354,-39.7398
300833,36.0859,1.19848,-39.7545
300836,36.2613,0.6577,-40.1783
300842,36.2613,0.6577,-40.1783
300847,36.349,0.61386,-39.8568
300852,36.5098,0.76001,-40.1491
300857,36.5098,0.76001,-40.1491
300863,36.3198,0.86232,-40.3391
300868,36.3344,0.71616,-40.1199
300874,36.5682,0.81847,-40.6899
300877,36.5682,0.73078,-39.8568
300881,36.5682,0.84771,-39.9445
300887,36.3636,0.84771,-39.9445
300892,36.4952,0.6577,-39.886
300897,36.1006,0.90617,-39.7106
300902,36.2467,0.87694,-40.3098
300908,36.2467,0.83309,-40.0906
300912,36.3052,0.83309,-40.0906
300918,36.2175,0.78924,-39.6814
300924,35.9982,0.9354,-39.5498
300926,35.6182,0.64309,-40.0614
300931,35.6182,0.64309,-40.0614
300937,35.9398,0.61386,-39.6375
300942,36.4221,0.67232,-39.4622
300947,35.969,0.61386,-39.4768
300952,36.1736,0.36539,-40.1052
300957,36.1736,0.36539,-40.1052
300963,36.2029,0.43847,-39.7837
300969,36.1736,0.29231,-40.1199
300970,36.0859,0.61386,-39.6668
300976,36.0859,0.61386,-39.6668
300982,36.2467,0.48232,-39.8275
300987,36.2175,0.71616,-40.1052
300992,36.3636,0.9354,-39.7398
300996,36.466,0.71616,-40.266
301002,36.2321,1.16925,-39.4914
301008,36.2321,1.2131,-40.1491
301013,36.3052,1.2131,-40.1491
301015,36.2467,1.2131,-39.4622
301020,36.2467,1.2131,-39.4622
301026,36.2906,0.81847,-39.6814
301031,36.4075,0.62847,-39.5791
301036,36.2175,0.68693,-39.4768
301042,36.3198,0.87694,-40.0614
301046,36.2906,1.03771,-40.2806
301052,36.2906,1.03771,-40.2806
301058,36.0275,0.7454,-40.0029
301060,36.4221,0.92078,-39.7398
301065,36.4513,0.70155,-39.9006
301071,36.4513,0.70155,-39.9006
301076,36.4367,1.11079,-39.7837
301082,36.1006,0.87694,-39.2868
301089,36.1006,0.87694,-39.2868
301094,36.4952,0.64309,-39.7837
301099,36.1444,0.77463,-39.9152
301103,36.1883,0.90617,-39.7252
301109,36.2467,0.89155,-40.7775
301115,36.2029,0.77463,-39.7106
301119,36.2029,0.77463,-39.7106
301125,36.539,0.68693,-39.6521
301128,36.6559,0.90617,-39.6814
301133,36.6559,0.90617,-39.6814
301138,36.1883,0.80386,-39.3891
301143,36.6559,0.62847,-39.3891
301148,36.9775,0.6577,-39.8714
301154,36.5536,0.7454,-39.8714
301160,36.349,0.84771,-39.2868
301166,36.5244,0.9354,-39.9445
301168,36.5244,0.9354,-39.9445
301172,36.4367,1.05232,-40.1052
301178,36.4513,0.77463,-40.0468
301183,36.4513,0.77463,-40.0468
301189,35.969,0.51155,-39.1844
301193,36.2467,0.70155,-39.6668
301199,36.3344,0.30693,-39.6375
301204,36.4806,0.76001,-39.4475
301210,36.1444,1.14002,-39.5206
301216,36.8313,0.76001,-39.0091
301217,36.8313,0.76001,-39.0091
301223,36.3198,0.71616,-39.506
301228,36.3198,0.54078,-39.1114
301233,36.4221,0.54078,-39.1114
301238,36.3783,0.42385,-39.4475
301244,36.2467,0.40924,-39.8714
301248,36.1736,0.07308,-40.2368
301254,36.1736,0.64309,-39.6521
301260,36.3636,0.48232,-40.1345
301262,36.3636,0.48232,-40.1345
301267,36.5244,0.6577,-39.3745
301273,36.159,0.51155,-39.2721
301278,36.3198,0.43847,-39.126
301284,36.3198,0.43847,-39.126
301288,36.7875,0.05846,-38.9798
301294,36.6559,0.40924,-39.2137
301299,36.3783,0.51155,-39.696
301304,36.6413,0.67232,-39.0237
301306,36.4367,0.43847,-39.2575
301312,36.4367,0.43847,-39.2575
301318,36.6413,0.55539,-39.4768
301323,36.6121,0.40924,-39.5937
301328,36.6121,0.40924,-39.5937
301333,36.349,0.59924,-39.3598
301337,36.6706,0.61386,-39.4622
301343,36.0567,0.83309,-39.6229
301349,36.1444,0.81847,-39.7398
301351,36.1444,0.87694,-39.3014
301357,36.1444,0.87694,-39.3014
301362,36.1883,0.77463,-39.8422
301367,36.2175,0.58462,-39.6668
301372,36.3929,0.7454,-40.1052
301378,36.3929,0.7454,-40.1052
301384,36.4952,0.70155,-40.0175
301387,36.8606,0.36539,-39.4475
301393,36.919,0.61386,-40.1929
301399,36.7436,0.30693,-39.4475
301401,36.8021,0.2777,-39.0967
301407,36.8021,0.2777,-39.0967
301412,36.5098,1.14002,-39.7691
301417,36.7583,0.67232,-39.9591
301422,36.7583,0.67232,-39.9591
301428,36.6706,1.18386,-39.5937
301434,36.5682,0.96463,-40.4414
301437,36.7144,0.9354,-40.3245
301443,36.5682,0.83309,-40.3098
301446,36.6267,1.03771,-40.1491
301452,36.6267,1.03771,-40.1491
301457,36.7729,1.11079,-39.7837
301462,36.9337,0.64309,-39.6521
301467,36.2175,0.4677,-40.5583
301473,36.1152,0.80386,-40.0614
301478,36.1152,0.80386,-40.0614
301484,36.2759,0.9354,-40.2075
301487,36.4221,1.14002,-39.4914
301491,36.3783,1.1254,-39.3014
301497,36.3783,1.1254,-39.3014
301502,36.4513,1.11079,-39.3306
301507,36.4952,0.99386,-39.3598
301512,36.4221,0.81847,-38.8775
301518,36.1444,0.57001,-39.3745
301522,36.1444,0.57001,-39.3745
301528,36.3929,0.21923,-39.1698
301534,36.539,0.6577,-38.9652
301536,36.4075,0.95001,-39.0091
301541,36.4075,0.95001,-39.0091
301547,36.7729,0.70155,-39.7837
301552,36.2906,0.61386,-39.9445
301557,36.2906,0.76001,-39.9591
301562,36.6267,0.87694,-40.0906
301567,36.1152,0.59924,-39.9883
301573,36.1152,0.59924,-39.5937
301579,36.2175,1.16925,-39.5937
301580,36.466,0.45308,-39.6375
301586,36.5244,0.67232,-39.3306
301592,36.5244,0.67232,-39.1406
301597,36.539,0.77463,-39.1406
301602,36.2029,0.40924,-39.6668
301606,36.8167,0.86232,-39.9006
301612,36.539,0.90617,-39.2868
301618,36.3344,0.68693,-38.8191
301623,36.3344,0.68693,-38.8191
301625,36.2467,0.87694,-39.4183
301630,36.0421,0.68693,-39.6521
301636,36.5829,0.68693,-39.4768
301642,36.5829,0.68693,-39.5206
301647,36.6267,0.21923,-39.5206
301651,36.2759,0.51155,-39.3745
301657,36.466,0.6577,-39.2575
301663,36.3929,0.08769,-39.9152
301667,36.3929,0.08769,-39.8568
301670,36.6559,0.90617,-39.8568
301675,36.2759,0.42385,-39.5937
301681,36.4806,0.78924,-39.5498
301686,36.5975,1.02309,-39.5352
301691,36.5975,1.02309,-39.5352
301696,36.4075,0.43847,-39.316
301702,36.2321,0.78924,-39.8129
301706,36.5682,1.00848,-39.8568
301712,36.6413,0.92078,-39.8275
301718,36.7875,0.49693,-39.6083
301720,36.7875,0.7454,-39.9299
301725,36.4367,0.7454,-39.9299
301731,36.4952,0.36539,-39.5352
301736,36.4952,0.36539,-39.5352
301741,36.5682,0.36539,-39.0529
301747,36.3783,0.39462,-39.2429
301753,36.7875,0.29231,-39.1406
301756,36.4952,0.13154,-39.1698
301762,36.9337,0.80386,-39.6083
301765,36.4806,0.67232,-39.0383
301770,36.4806,0.67232,-39.0383
301776,36.4221,0.83309,-39.4768
301781,36.539,0.55539,-38.9798
301786,36.539,0.55539,-38.9798
301791,36.4075,0.83309,-39.3891
301797,36.5536,0.68693,-39.4329
301803,36.5975,0.13154,-39.9445
301805,36.5975,0.33616,-39.9152
301810,36.5536,0.33616,-39.9152
301815,36.2321,0.52616,-40.1491
301821,36.6852,0.77463,-39.7545
301826,36.6267,0.70155,-39.7545
301830,36.6267,0.70155,-39.7691
301836,36.7144,0.77463,-39.7691
301841,36.2906,0.61386,-39.6375
301847,36.6413,0.26308,-40.4706
301853,36.1883,0.51155,-40.4122
301854,36.3344,0.35077,-39.7837
301860,36.3344,0.35077,-39.7837
301865,36.5244,0.62847,-39.7252
301870,36.4952,0.33616,-39.8275
301875,36.6413,0.87694,-40.1052
301881,36.7729,0.71616,-40.3537
301885,36.7729,0.71616,-40.3537
301891,36.7875,0.7454,-39.8714
301897,36.919,0.67232,-39.4183
301899,36.6121,0.61386,-40.0906
301904,36.6121,0.61386,-40.0906
301910,36.3052,0.64309,-39.6083
301916,36.3052,0.45308,-39.696
301921,36.4367,0.76001,-39.9445
301925,36.2029,0.64309,-40.0906
301931,36.2029,0.64309,-39.4622
301937,35.8813,0.90617,-39.4622
301941,36.6706,0.73078,-39.4622
301944,36.5975,0.29231,-40.1491
301949,36.5975,0.29231,-40.1491
301955,36.5244,0.76001,-39.9299
301960,36.159,0.68693,-39.6229
301965,36.2321,0.6577,-39.7691
301971,36.3198,0.55539,-39.8422
301975,36.3198,0.55539,-39.8422
301981,36.7729,0.62847,-39.5498
301987,36.3783,1.08156,-39.8129
301988,36.3929,1.00848,-39.8129
301994,36.3929,0.68693,-39.7545
301999,36.6706,0.68693,-39.7545
302005,36.6559,0.77463,-39.9006
302010,36.2467,0.58462,-39.6521
302015,36.1736,0.51155,-39.6083
302021,36.2613,0.13154,-40.0322
302024,36.2613,0.13154,-40.0322
302030,36.1883,0.80386,-39.8714
302036,36.5975,0.61386,-39.8714
302039,35.8229,0.49693,-39.6814
302044,35.8229,0.49693,-39.4914
302050,36.0713,0.57001,-39.4914
302054,36.3198,0.2777,-39.7106
302059,36.0129,0.51155,-39.7983
302065,36.2029,0.48232,-39.7252
302071,36.0859,0.26308,-40.2368
302074,36.0859,0.26308,-40.2368
302081,35.7352,0.51155,-40.1637
302087,35.6621,0.51155,-40.4414
302093,35.8375,0.26308,-40.5437
302099,36.0421,0.49693,-40.266
302100,35.6475,0.36539,-39.8129
302106,35.6475,0.36539,-39.8129
302111,35.7644,0.43847,-40.076
302116,36.4513,0.20462,-39.6521
302121,36.2029,0.01462,-39.2429
302127,36.5682,0.20462,-39.4622
302132,36.5682,0.20462,-39.4622
302138,36.1444,0.08769,-39.2137
302144,36.1444,-0.16077,-39.0675
302145,36.4075,0.29231,-39.2283
302150,36.4075,0.29231,-39.2283
302156,36.466,0.2777,-39.3745
302161,36.1152,-0.23385,-39.7837
302166,36.3052,0.39462,-39.696
302172,36.2759,0.04385,-39.1114
302176,36.2759,-0.13154,-39.7837
302182,36.4367,-0.13154,-39.7837
302188,36.4952,0.45308,-39.4329
302194,36.0275,0.73078,-40.1345
